166.9691248
167.0393098
167.1093898
167.1797129
167.2501063
167.3202356
167.3905529
167.4613009
167.5319592
167.6024768
167.6725112
167.7427314
167.8132353
167.8844638
167.9563992
168.02974
168.104633
168.1815789
168.2602228
168.3405734
168.4222811
168.5047458
168.5868498
168.6669211
168.7432855
168.8149643
168.881763
168.9446168
169.0043198
169.0656299
169.131528
169.2061597
169.29186
169.3897254
169.5000116
169.6219612
169.7545632
169.8984586
170.0528493
170.2172737
170.3898134
170.5687691
170.7525439
170.9400594
171.1319922
171.3288643
171.5305746
171.7366469
171.9455577
172.1554451
172.3657332
172.5746729
172.7811001
172.9832715
173.1813696
173.3745574
173.5627701
173.7473776
173.9288626
174.1080645
174.2852032
174.462167
174.6389498
174.8160741
174.9919391
175.164255
175.3297002
175.4853382
175.6282145
175.757572
175.8745779
175.9790929
176.0706864
176.1515777
176.2213983
176.2804424
176.3287165
176.3674687
176.3972368
176.419087
176.4335262
176.4413399
176.4437033
176.4414431
176.435947
176.4305626
176.4254484
176.4218229
176.4201684
176.4184069
176.4169623
176.4159135
176.4155435
176.4165597
176.4188799
176.4235818
176.4297654
176.4370244
176.4444802
176.4526113
176.4605305

