167.1576279
167.2979348
167.4383483
167.5786659
167.7189406
167.8599116
168.0013499
168.1431979
168.2853215
168.4279935
168.5704904
168.7140661
168.8593126
169.0069266
169.1578626
169.3137926
169.4754649
169.6423783
169.8135116
169.987298
170.1619312
170.3360673
170.5083359
170.6778884
170.844847
171.008907
171.1696264
171.3262849
171.4805618
171.6368024
171.7967341
171.9631706
172.1380657
172.3202397
172.50959
172.7050067
172.9051801
173.1113853
173.3230939
173.5374401
173.7498228
173.9565174
174.1543108
174.3415127
174.5169952
174.6816418
174.8388241
174.9917982
175.1417653
175.2905134
175.4413415
175.5950595
175.7522398
175.9124024
176.0751759
176.2388689
176.4030709
176.5684597
176.7348962
176.9012811
177.065698
177.2289991
177.3914669
177.551625
177.7085377
177.8609176
178.007376
178.1452934
178.2715072
178.38694
178.4934212
178.5937876
178.6899689
178.7833267
178.8743159
178.9619477
179.0457399
179.1243509
179.1966958
179.2616717
179.3190943
179.3688627
179.4109153
179.4476381
179.480995
179.5133287
179.5452226
179.5762243
179.6054807
179.6323078
179.6568455
179.6791791
179.7004992
179.7215956
179.7426337
179.7643754
179.7871678
179.810659
179.8340093
179.8575895
179.8811774

